X[m] 0
Y[m] 0
Z[m] 0
D[m] Q[MPa] F[MPa] x  # depth, qc, fs, Rf(skipped)
0.0000 0.000562 -0.000006 0
0.2000 0.398264 0.004306 0
0.3999 0.787143 0.023668 0
0.5998 3.315500 0.053729 0
0.7996 2.923300 0.059422 0
0.9995 3.567400 0.064928 0
1.1994 5.078500 0.026208 0
1.3993 6.378500 0.053267 0
1.5992 7.245700 0.064648 0
1.7990 8.079100 0.075837 0
1.9989 8.542018 0.091865 0
2.1988 8.258625 0.093351 0
2.3987 6.607979 0.152750 0
2.5985 10.888000 0.184225 0
2.7984 9.166800 0.228422 0
2.9982 7.316983 0.185850 0
3.1980 8.324400 0.188130 0
3.3978 8.434800 0.195488 0
3.5977 5.793100 0.179190 0
3.7975 2.762400 0.151341 0
3.9973 2.972100 0.097050 0
4.1971 3.708000 0.192840 0
4.3969 3.991000 0.117940 0
4.5966 10.248000 0.254000 0
4.7963 5.948762 0.300400 0
4.9960 6.344147 0.274206 0
5.1957 2.124200 0.245631 0
5.3953 1.726733 0.067023 0
5.5950 4.162821 0.164200 0
5.7948 1.520400 0.126040 0
5.9946 1.517950 0.059103 0
6.1943 1.535400 0.063097 0
6.3941 1.591336 0.063234 0
6.5939 3.405555 0.071100 0
6.7936 2.616275 0.135110 0
6.9934 4.120900 0.110421 0
7.1931 6.878600 0.207600 0
7.3929 5.045600 0.214880 0
7.5927 5.103556 0.160180 0
7.7925 4.501000 0.152035 0
7.9923 9.891426 0.195240 0
8.1921 4.513033 0.269453 0
8.3919 9.063600 0.153665 0
8.5917 8.501900 0.255307 0
8.7914 2.339300 0.211170 0
8.9912 1.886422 0.058948 0
9.1910 1.630200 0.042810 0
9.3908 1.761650 0.041220 0
9.5906 1.957405 0.044655 0
9.7903 2.031369 0.062320 0
9.9901 1.778906 0.060862 0
10.1900 2.027100 0.070957 0
10.3900 3.880456 0.073127 0
10.5890 1.910200 0.079766 0
10.7890 1.711594 0.058256 0
10.9890 1.889570 0.047357 0
11.1880 1.922325 0.053269 0
11.3880 2.026600 0.046269 0
11.5880 2.683900 0.068322 0
11.7870 2.525000 0.076010 0
11.9870 2.625819 0.075127 0
12.1870 3.419170 0.069466 0
12.3870 2.713412 0.088095 0
12.5860 8.275100 0.159630 0
12.7860 10.666000 0.213400 0
12.9860 5.852600 0.248200 0
13.1850 2.246940 0.109700 0
13.3850 2.103600 0.066281 0
13.5850 2.878700 0.056285 0
13.7850 3.467738 0.106780 0
13.9850 2.367400 0.068004 0
14.1840 2.475100 0.052128 0
14.3840 2.194900 0.057419 0
14.5840 1.862954 0.039800 0
14.7840 2.752000 0.077877 0
14.9830 2.340492 0.054740 0
15.1830 2.908267 0.110350 0
15.3830 2.805600 0.066648 0
15.5820 1.897135 0.039628 0
15.7820 2.282775 0.056252 0
15.9820 3.193400 0.075764 0
16.1810 2.827900 0.067598 0
16.3810 3.430805 0.086296 0
16.5810 2.472174 0.081877 0
16.7800 2.440300 0.071626 0
16.9800 2.135322 0.046867 0
17.1790 2.275700 0.063552 0
17.3790 2.100558 0.056184 0
17.5790 3.163695 0.065075 0
17.7780 3.321299 0.094788 0
17.9780 2.924537 0.082468 0
18.1770 2.600100 0.086000 0
18.3770 2.001149 0.077500 0
18.5770 2.880140 0.070968 0
18.7760 2.293500 0.068800 0
18.9760 2.106725 0.069433 0
19.1750 2.207277 0.084080 0
19.3750 1.739172 0.051915 0
19.5740 1.774256 0.037600 0
19.7740 2.158300 0.021067 0
19.9730 3.475500 0.079029 0
20.1730 9.099725 0.179803 0
20.3720 9.259500 0.241990 0
20.5720 8.158700 0.237860 0
20.7710 9.439800 0.220790 0
20.9710 7.072800 0.221624 0
21.1700 6.376400 0.202951 0
21.3700 8.561700 0.208730 0
21.5690 8.243825 0.184640 0
